#phys3071 as05 melsom 42593249
2.394000e+02	4.989875e+00	1.090107e-01	4.836750e+00	9.927995e-02
2.508000e+02	6.862000e+00	2.887878e-01	6.471750e+00	2.422648e-01
2.622000e+02	8.182125e+00	4.982714e-01	7.531500e+00	3.886030e-01
2.736000e+02	9.208375e+00	7.222782e-01	8.293750e+00	5.277111e-01
2.850000e+02	1.004450e+01	9.525856e-01	8.871250e+00	6.562240e-01
2.964000e+02	1.074525e+01	1.184224e+00	9.322875e+00	7.733970e-01
3.078000e+02	1.134388e+01	1.414034e+00	9.684125e+00	8.796515e-01
3.192000e+02	1.186250e+01	1.639993e+00	9.977625e+00	9.757378e-01
3.306000e+02	1.231687e+01	1.860868e+00	1.021925e+01	1.062652e+00
3.420000e+02	1.271837e+01	2.075821e+00	1.042000e+01	1.141297e+00
3.534000e+02	1.307563e+01	2.284335e+00	1.058800e+01	1.212534e+00
3.648000e+02	1.339550e+01	2.486195e+00	1.072950e+01	1.277188e+00
3.762000e+02	1.368337e+01	2.681297e+00	1.084925e+01	1.335976e+00
3.876000e+02	1.394363e+01	2.869660e+00	1.095087e+01	1.389509e+00
3.990000e+02	1.417975e+01	3.051337e+00	1.103738e+01	1.438363e+00
4.104000e+02	1.439475e+01	3.226484e+00	1.111112e+01	1.483034e+00
4.218000e+02	1.459112e+01	3.395281e+00	1.117400e+01	1.523942e+00
4.332000e+02	1.477100e+01	3.557940e+00	1.122762e+01	1.561482e+00
4.446000e+02	1.493613e+01	3.714645e+00	1.127325e+01	1.595974e+00
4.560000e+02	1.508812e+01	3.865664e+00	1.131200e+01	1.627726e+00
4.674000e+02	1.522825e+01	4.011168e+00	1.134463e+01	1.656947e+00
4.788000e+02	1.535775e+01	4.151431e+00	1.137213e+01	1.683944e+00
4.902000e+02	1.547750e+01	4.286587e+00	1.139513e+01	1.708913e+00
5.016000e+02	1.558863e+01	4.416990e+00	1.141400e+01	1.731977e+00
5.130000e+02	1.569163e+01	4.542668e+00	1.142938e+01	1.753347e+00
5.244000e+02	1.578738e+01	4.663930e+00	1.144163e+01	1.773156e+00
5.358000e+02	1.587637e+01	4.780891e+00	1.145125e+01	1.791583e+00
5.472000e+02	1.595937e+01	4.893860e+00	1.145825e+01	1.808639e+00
5.586000e+02	1.603675e+01	5.002936e+00	1.146312e+01	1.824508e+00
5.700000e+02	1.610888e+01	5.108240e+00	1.146612e+01	1.839289e+00
5.814000e+02	1.617625e+01	5.209996e+00	1.146738e+01	1.853041e+00
5.928000e+02	1.623925e+01	5.308367e+00	1.146712e+01	1.865862e+00
6.042000e+02	1.629812e+01	5.403445e+00	1.146550e+01	1.877811e+00
6.156000e+02	1.635325e+01	5.495422e+00	1.146250e+01	1.888904e+00
6.270000e+02	1.640488e+01	5.584414e+00	1.145862e+01	1.899326e+00
6.384000e+02	1.645312e+01	5.670463e+00	1.145363e+01	1.909005e+00
6.498000e+02	1.649850e+01	5.753879e+00	1.144775e+01	1.918042e+00
6.612000e+02	1.654087e+01	5.834544e+00	1.144112e+01	1.926493e+00
6.726000e+02	1.658063e+01	5.912695e+00	1.143375e+01	1.934371e+00
6.840000e+02	1.661800e+01	5.988491e+00	1.142575e+01	1.941731e+00
6.954000e+02	1.665300e+01	6.061915e+00	1.141713e+01	1.948586e+00
7.068000e+02	1.668575e+01	6.133043e+00	1.140800e+01	1.954989e+00
7.182000e+02	1.671650e+01	6.202046e+00	1.139850e+01	1.960995e+00
7.296000e+02	1.674537e+01	6.269008e+00	1.138850e+01	1.966572e+00
7.410000e+02	1.677250e+01	6.334016e+00	1.137825e+01	1.971814e+00
7.524000e+02	1.679788e+01	6.397068e+00	1.136763e+01	1.976690e+00
7.638000e+02	1.682163e+01	6.458254e+00	1.135662e+01	1.981209e+00
7.752000e+02	1.684388e+01	6.517668e+00	1.134550e+01	1.985463e+00
7.866000e+02	1.686475e+01	6.575404e+00	1.133400e+01	1.989378e+00
7.980000e+02	1.688437e+01	6.631559e+00	1.132237e+01	1.993046e+00
8.094000e+02	1.690263e+01	6.686044e+00	1.131062e+01	1.996474e+00
8.208000e+02	1.691975e+01	6.739052e+00	1.129862e+01	1.999628e+00
8.322000e+02	1.693575e+01	6.790587e+00	1.128663e+01	2.002599e+00
8.436000e+02	1.695062e+01	6.840658e+00	1.127437e+01	2.005310e+00
8.550000e+02	1.696450e+01	6.889365e+00	1.126200e+01	2.007810e+00
8.664000e+02	1.697750e+01	6.936809e+00	1.124962e+01	2.010145e+00
8.778000e+02	1.698963e+01	6.982999e+00	1.123725e+01	2.012322e+00
8.892000e+02	1.700075e+01	7.027850e+00	1.122462e+01	2.014264e+00
9.006000e+02	1.701125e+01	7.071651e+00	1.121213e+01	2.016100e+00
9.120000e+02	1.702088e+01	7.114225e+00	1.119950e+01	2.017753e+00
9.234000e+02	1.702975e+01	7.155673e+00	1.118688e+01	2.019269e+00
9.348000e+02	1.703787e+01	7.196007e+00	1.117425e+01	2.020652e+00
9.462000e+02	1.704550e+01	7.235421e+00	1.116163e+01	2.021908e+00
9.576000e+02	1.705238e+01	7.273739e+00	1.114900e+01	2.023040e+00
9.690000e+02	1.705875e+01	7.311157e+00	1.113625e+01	2.024012e+00
9.804000e+02	1.706450e+01	7.347591e+00	1.112363e+01	2.024910e+00
9.918000e+02	1.706962e+01	7.383050e+00	1.111112e+01	2.025735e+00
1.003200e+03	1.707437e+01	7.417731e+00	1.109850e+01	2.026413e+00
1.014600e+03	1.707862e+01	7.451550e+00	1.108587e+01	2.026987e+00
1.026000e+03	1.708225e+01	7.484421e+00	1.107338e+01	2.027500e+00
1.037400e+03	1.708563e+01	7.516635e+00	1.106087e+01	2.027914e+00
1.048800e+03	1.708850e+01	7.548014e+00	1.104850e+01	2.028274e+00
1.060200e+03	1.709088e+01	7.578566e+00	1.103600e+01	2.028503e+00
1.071600e+03	1.709300e+01	7.608488e+00	1.102375e+01	2.028722e+00
1.083000e+03	1.709463e+01	7.637600e+00	1.101137e+01	2.028816e+00
1.094400e+03	1.709600e+01	7.666098e+00	1.099912e+01	2.028866e+00
1.105800e+03	1.709700e+01	7.693897e+00	1.098700e+01	2.028874e+00
1.117200e+03	1.709775e+01	7.721099e+00	1.097475e+01	2.028765e+00
1.128600e+03	1.709812e+01	7.747617e+00	1.096275e+01	2.028658e+00
1.140000e+03	1.709825e+01	7.773555e+00	1.095063e+01	2.028438e+00
